got new position with value  -5456.8570637335079
[  4.09163202e-02  -5.21202032e-01  -4.84796723e-01  -3.83823549e-01
  -1.68148827e+00   9.44529758e-01   1.56859910e+00   4.60809062e-01
  -7.74023694e-01  -1.22386424e+00  -1.31522312e-01   2.41576163e-01
   1.53760610e+00   7.43801025e-01  -4.99577173e-02  -1.20545594e+00
  -1.67877517e-01   2.50351188e-02  -1.68651023e+00  -1.90019406e+00
   1.75109380e+00  -1.54530803e+00  -2.34736847e-01   7.51233017e-01
  -1.62339494e+00   1.15836348e+00   3.11883157e-02  -4.36380765e-01
  -8.50908221e-01  -2.69264187e-01  -8.91540382e-01  -1.99596646e-01
   4.86131198e-01  -6.34866443e-01   1.37046994e+00   2.66414897e+00
  -1.92646707e+00   3.71065255e-01  -2.38618736e-01  -9.38603614e-01
  -1.48637189e+00  -2.42557431e-01  -1.52388640e+00   1.93946410e+00
  -1.18373099e-01   3.90166729e-01   6.15745874e-01  -1.01756541e+00
   8.11795435e-01   3.73038975e-01  -2.00210909e-01  -6.62850849e-02
  -6.84743553e-01  -1.90846173e+00  -1.36765625e+00   1.74126729e+00
   1.05278749e-02   9.18706822e-04]